591
758
2758
2886
3074
3683
4077
4225
4273
4936
8826
9544
9585
255
288
2295
2390
2687
2688
4648
4792
5034
5374
5512
5699
8069
8174
858
1411
1887
3597
12704
12849
16722
17774
18141
10296
10297
11604
11605
12681
12972
13010
13378
13541
13756
13757
14179
14180
14291
14315
14316
16310
16311
10112
11166
11361
11946
13703
14303
14529
17552
18761
20105
21164
21495
21702
21785
22067
24108
24410
24731
24765
25742
25972
26084
26307
26569
26587
27751
20157
20539
20540
20829
21774
21998
22335
22336
22579
22580
27253
27560
28393
29386
21906
22625
24839
25334
28886
30402
31316
31535
32147
34967
35608
36306
37338
37787
30575
30576
31606
31714
31715
32359
32568
32614
32615
32783
33785
33786
33789
33790
35830
35831
39037
39038
39077
39078
34798
36824
38818
40155
40188
41593
42378
42827
43419
45299
46993
47480
47788
49869
41186
41187
41598
42235
43089
43090
43477
44072
44486
44590
45378
45379
46555
46556
48091
48092
49134
49135
49372
49373
40469
40565
42042
51093
51514
51723
52307
52473
52663
52833
53206
53529
54479
54789
55287
55810
56452
56457
56720
58580
59742
50581
50582
51766
51767
52518
52748
55428
55429
57343
57344
59217
59546
59547
59564
59565
59749
50203
50914
57169
57470
59646
60220
60871
61378
61972
62335
63249
64312
64562
66333
66451
67057
68039
69858
69865
69947
62075
62076
62828
62829
65447
65448
65920
65921
67157
67158
68106
68345
68346
68580
68581
68922
69821
69822
61606
67620
71342
72979
74606
75198
77197
77347
77394
77604
71598
71599
71958
71959
76005
76006
76046
76176
76177
76214
77980
78210
78487
78488
70932
72229
73332
73792
80842
85249
85540
86368
86748
87744
87858
81222
81240
81241
81352
81749
81750
87562
87563
88669
88670
89765
89766
89857
89858
80364
80930
83895
86919
87670
87709
88253
91198
93500
93670
95339
96303
97912
98387
98670
92045
92284
92831
93014
93213
93465
93948
93949
94872
95599
97355
97356
98050
98051
98349
98644
98695
98781
99574
99830
99831
99969
92795
94790
95646
99911
