591
758
858
1411
1887
2758
2886
3074
3597
3683
4077
4225
4273
4936
8826
9544
9585
10112
11166
11361
11946
12704
12849
13703
14303
14529
16722
17552
17774
18141
18761
20105
21164
21495
21702
21785
21906
22067
22625
24108
24410
24731
24765
24839
25334
25742
25972
26084
26307
26569
26587
27751
28886
30402
31316
31535
32147
34798
34967
35608
36306
36824
37338
37787
38818
40155
40188
40469
40565
41593
42042
42378
42827
43419
45299
46993
47480
47788
49869
50203
50914
51093
51514
51723
52307
52473
52663
52833
53206
53529
54479
54789
55287
55810
56452
56457
56720
57169
57470
58580
59646
59742
60220
60871
61378
61606
61972
62335
63249
64312
64562
66333
66451
67057
67620
68039
69858
69865
69947
70932
71342
72229
72979
73332
73792
74606
75198
77197
77347
77394
77604
80364
80842
80930
83895
85249
85540
86368
86748
86919
87670
87709
87744
87858
88253
91198
92795
93500
93670
94790
95339
95646
96303
97912
98387
98670
99911
288
2390
2688
4792
5374
5699
8174
10297
11605
13378
13010
14180
14291
13757
14316
16311
20540
20829
21998
22580
22336
27560
29386
30257
30576
31715
32359
32783
32615
33786
33790
35831
39038
39078
41187
42235
43090
44072
44590
45379
46556
48092
49135
49373
50582
51767
52748
55429
57344
59565
59547
59749
62076
62829
65448
65921
67158
68922
68581
68346
69822
71959
71599
76214
76006
76177
78210
78488
81241
81352
81750
87563
88670
89766
89858
92284
93465
93014
93949
95599
97356
98051
98644
98781
99969
99831
